1.0 9.04368e-12 2.326809e-11 5.551115e-17 9.043683e-12 1.0 2.39237e-10 3.330669e-16 2.32681e-11 2.39237e-10 0.9999999 -4.440892e-16 
0.9999856378401634 -0.0032494820516896818 -0.004262039394130319 0.019600067081334636 0.0032416316015733263 0.999993039135063 -0.001847567584677545 -0.007095004566339252 0.00426801298564067 0.0018337253829763028 0.9999891106989037 0.690950382922717 
0.9999609665693832 -0.0008922262381522655 -0.008790294077255774 0.016239088038106912 0.000866556951833453 0.9999953509175652 -0.0029235632889637975 -0.009627978297432397 0.00879286085799213 0.002915832068664741 0.9999569908357506 1.3759890952589946 
0.9999080349762789 -0.001584880323361297 -0.013468843463234145 0.02466499485977407 0.001542711022115797 0.9999938780287269 -0.0031406922437125736 -0.04066330120999566 0.013473737328596377 0.003119625043044803 0.9999042585877915 2.0970437851122767 
0.9998437783326236 0.0004700717963534897 -0.017669124541119956 -0.003102446544389875 -0.0005437138516789412 0.9999911857541975 -0.00416326664546604 -0.03765211715631747 0.017667010046449994 0.0041722232620383555 0.9998351210620081 2.7762865378032857 
0.9997628057892729 -0.0024466101421116975 -0.021641309091017157 -0.032135905990993294 0.0023757826384101554 0.9999917397280861 -0.003297898186816337 -0.07559864003372703 0.021649196881813 0.003245701051834027 0.9997602601119253 3.5246408366596818 
0.9996818154385897 -0.0014516989195198983 -0.02518254259705096 -0.08160633438881082 0.0013417166895634215 0.9999894912222483 -0.0043837474144415274 -0.08791169797963082 0.025188639368991742 0.004348564779549949 0.9996731578026424 4.259087209961734 
0.9995313489178114 0.003150322078232325 -0.03044926930721604 -0.09806589235705744 -0.003349236129311184 0.9999733708324186 -0.006483844800749955 -0.08060788690607393 0.030428029271201914 0.006582787753071234 0.9995151834464941 5.0293553098323 
0.9993457585692306 0.003600615184422836 -0.035987364448959266 -0.12063083894262874 -0.0037964042156872105 0.9999783554083229 -0.0053736421444696356 -0.08621517212198453 0.035967233547614746 0.00550674899520637 0.999337697590982 5.813157171982019 
0.9991207980150952 0.00294137592999809 -0.04182079962551179 -0.13691752637435106 -0.003091896482215784 0.9999889720771085 -0.0035349540748017346 -0.0804180473464323 0.04180993666415079 0.003661151831898612 0.9991187743023416 6.648557354832972 
0.9989307994601074 0.0051653701432704344 -0.0459410148045616 -0.1604064252134724 -0.0052503272136414335 0.999984722558604 -0.0017287896173907118 -0.07212575945202854 0.04593137855596256 0.0019681468367415238 0.9989425583395614 7.4665253523890165 
0.9988102775758722 0.0077642412852618305 -0.04814297421299198 -0.21538572744468784 -0.00790678220596676 0.9999649014232681 -0.002771049747101476 -0.06516693030250172 0.048119764594988214 0.0031484091429061717 0.9988365110343143 8.273367285903717 
0.9987490374099969 0.008375257100966918 -0.04929721433404565 -0.2864266287423233 -0.008530858013364416 0.9999592695118479 -0.0029468252217092583 -0.06649345148012609 0.04927052113092143 0.0033636865320113914 0.9987797061216311 9.074154332282593 
0.9987097105395716 0.0044975180994468456 -0.05058345979576152 -0.3396041004512122 -0.004703254526680816 0.999981142328204 -0.00394897263062917 -0.07564501489389217 0.05056474032134915 0.004181784259619775 0.9987119302965448 9.894364715736875 
0.9985966260272103 0.005577935127957111 -0.05266559718430244 -0.39536408661037514 -0.005804092300039965 0.9999745768457206 -0.004142242725217715 -0.07692723320760403 0.05264114787707297 0.004442105631193419 0.9986035135366566 10.727929051970111 
0.9984825151085887 0.004573988017737372 -0.05487937368483553 -0.41694940562697186 -0.004847952601204871 0.9999764384300979 -0.00486003500328378 -0.0752178769190377 0.054855845457326344 0.005118712542806756 0.9984810639171261 11.568937997188586 
0.9983852128380543 0.007298009637548413 -0.05633565337903457 -0.47995455119159136 -0.007660014000352825 0.9999513628028723 -0.0062125851457195186 -0.1071853548399554 0.056287568278526864 0.00663408485196795 0.9983924571907968 12.423680720651635 
0.9982615964667555 0.006203222930819407 -0.05861147536886086 -0.5367719746707423 -0.006736792132405723 0.9999376092756004 -0.008910285515139846 -0.11992914305176011 0.058552540257004154 0.009289648719219595 0.9982410041949465 13.295469115158145 
0.9981917638697766 0.010499817442033859 -0.05918577849642149 -0.6151684851626098 -0.011174310621806946 0.9998762123316607 -0.011076768275041464 -0.12718508787789212 0.059062142117057556 0.01171809844284633 0.9981854284337346 14.168280272500162 
0.9981143150856353 0.009572063332913123 -0.06063158933001208 -0.6685117119390933 -0.010240619238064571 0.9998900417424441 -0.0107253970515855 -0.15191814630000483 0.060522252195570836 0.011326076698551119 0.9981024882124101 15.05468512225937 
0.9979919228182219 0.008534494790494646 -0.06276371872553835 -0.7181441848996815 -0.009179130613073287 0.9999079707889363 -0.009989670361908209 -0.16015243096484563 0.06267267961514032 0.01054572612899924 0.9979783178457737 15.954620614557232 
0.9978402987478666 0.009357697099976862 -0.06501670323657273 -0.7691973217455086 -0.009838081348852043 0.9999265939920022 -0.007072395840647932 -0.1896778747249479 0.06494574282904052 0.007696760903169016 0.9978590132679032 16.848695631393124 
0.9977096651248264 0.010100701927842164 -0.06688348030022603 -0.8110155122380085 -0.0106258200223345 0.9999154163118833 -0.007500144710997534 -0.20035431233333872 0.06680205968378548 0.008193658351672234 0.9977325036225039 17.727409541251482 
0.9976100545124466 0.008902493566617936 -0.0685195208971046 -0.8829966517463858 -0.009498146834988362 0.9999198415821471 -0.00837231252609148 -0.21399686053795464 0.06843948722024717 0.009003111204631747 0.9976145450912774 18.624423888104584 
0.9974307570741793 0.00859342527581337 -0.07111988388951028 -0.9229493475394008 -0.009247107457139902 0.9999179291183583 -0.008867132080301928 -0.24251615889088 0.07103784091920172 0.009502003001232062 0.9974282616291321 19.560006525506243 
0.9974256677189505 0.009105665479409742 -0.0711275209154784 -0.9985094390482517 -0.009689320367442827 0.9999221261123626 -0.007865035393996966 -0.2536936502619434 0.07105035849436901 0.008533965142046457 0.9974361222638699 20.46694930850263 
0.9975236150084521 0.009469901314590173 -0.06969188237922844 -1.0975622254101733 -0.009755617964148977 0.9999453418237344 -0.0037604897489443563 -0.2850361071533368 0.06965245475772704 0.00443106474404529 0.9975613771650677 21.40578830928539 
0.9975925442292723 0.010990412174178357 -0.06847135560515749 -1.1770172928363873 -0.011027318447409073 0.999939184307074 -0.00016104397701302098 -0.30766275142099825 0.06846541472714095 0.0009157121009301287 0.9976529699537803 22.34640644528078 
0.9977139807097953 0.009681779369813227 -0.06688105744115777 -1.2456736073863206 -0.009509260725183221 0.9999505884082115 0.0028973613049775204 -0.32129012326143347 0.06690579770585796 -0.0022547477639841018 0.9977566488607696 23.292830084011925 
0.9977927204481041 0.009499103156200034 -0.0657225536630965 -1.305727972162433 -0.009209551577351534 0.9999465116173288 0.004707235290356517 -0.3469970207800269 0.06576374624925131 -0.004091568970351301 0.9978267328262129 24.243835166150102 
0.997849605510294 0.009464706493340348 -0.0648581846334342 -1.35669494556489 -0.009359792713153913 0.9999543504926537 0.0019212525032862781 -0.3628542528938886 0.0648734015349184 -0.0013100612786708064 0.9978925420669025 25.1894949725667 
0.9978720171096456 0.011302335430553812 -0.06421600021288777 -1.4148575130369565 -0.011481367397862903 0.9999311594674685 -0.0024196133407679466 -0.38817628697700174 0.06418422589016685 0.0031517521000346263 0.9979329895366669 26.14328377939483 
0.9979823193902612 0.009259067180799238 -0.06281369165536536 -1.4865663430493876 -0.009635072937863668 0.9999374166877497 -0.005685778514080963 -0.39137133593389506 0.06275710932737044 0.006279520780540448 0.9980089743322194 27.107844328335815 
0.9980579006247865 0.007138458916281782 -0.06188270683109761 -1.553814842783548 -0.007423089685202717 0.9999628960698842 -0.004370837797828452 -0.4074634086500484 0.0618492035513915 0.004821710075859742 0.9980737583625832 28.05707114227159 
0.9979890759585074 0.006174839972498385 -0.06308467023610279 -1.6019338472618896 -0.006149688073469103 0.9999809147427073 0.0005928633372723128 -0.41360257335358236 0.06308712081996072 -0.00020371959084031788 0.9980079026165 29.03107747100956 
0.9979612177803009 0.0013280404133723402 -0.06380943594107623 -1.6578180104605014 -0.0010525570703543877 0.9999899816998841 0.004350703791203569 -0.4218875021524555 0.0638145682539383 -0.0042746696747178745 0.9979525179474947 30.040701718141595 
0.9978725556527309 -0.0075378140531888165 -0.06475757897255074 -1.7165009160260967 0.007818481984003978 0.9999611043531966 0.004081803547532387 -0.4433742321323828 0.06472428588623713 -0.004579424766126108 0.9978925772272973 31.009496222730494 
0.997719887145157 -0.009610595322129743 -0.06680316798332635 -1.778795188146252 0.009628682428627707 0.9999536418509025 -5.122309109844548e-05 -0.446591483220196 0.06680055676748528 -0.0005921196558513091 0.997766072288428 32.04868921915313 
0.9976944344269348 -0.010246978419187265 -0.06708811330477686 -1.8583949801213109 0.010026505237374278 0.9999431727562268 -0.003622216301556915 -0.4606157388613327 0.06712141098356401 0.0029412059087871763 0.997740379805983 33.030162400040965 
0.997525230835397 -0.008427825069069196 -0.06980247568240004 -1.9250641751165634 0.008135401630982251 0.9999569049399537 -0.00447252760869687 -0.4671286315686384 0.06983715428741925 0.003893588049472094 0.9975507064070206 34.04575778827998 
0.997429343828383 -0.008528069133867344 -0.07114756571329879 -1.993324953700998 0.00829858532351187 0.9999593691962004 -0.0035204315594717112 -0.4773979385825073 0.07117469034715314 0.0029209577816864283 0.9974594886308086 35.03697654917507 
0.9973740694552988 -0.004260036597855345 -0.07229673344184134 -2.0741840641632616 0.004219961847664623 0.9999908459622542 -0.0007070457546562417 -0.49194731811678494 0.07229907649413043 0.00040010008303852215 0.9973828169053391 36.023526478223104 
0.9972118387446106 -0.005375982948198705 -0.07442880809829149 -2.141479514526914 0.005437578791556259 0.9999850209647434 0.0006249664207584992 -0.5128196041172756 0.07442432602430446 -0.0010279358409841428 0.9972260340784053 37.03452567198369 
0.997090928099102 -0.002193451700939234 -0.0761896966269451 -2.204937211261305 0.0023913307593370335 0.999994000592258 0.0025060560030662747 -0.5132469488992776 0.07618373505025741 -0.0026809597245892832 0.9970900917012249 38.03854470054069 
0.9970313519656262 -0.0011884165165180261 -0.07698747212227403 -2.265609131614777 0.0015465861501670476 0.9999882568078555 0.004592855066975543 -0.5130435415502125 0.07698110216780363 -0.004698287306687722 0.9970213819198782 39.04694978373481 
0.9970278215874829 0.0056097347408043 -0.07683784130657957 -2.3714291673718035 -0.0050777215546696265 0.9999617784871074 0.007117465048322093 -0.5320766917228051 0.07687482389547061 -0.006706148360005348 0.9970180986447656 40.03415033425304 
0.9969207482449941 0.005115664264881127 -0.07824865300929389 -2.4407262447314415 -0.004608908446560066 0.9999672309239059 0.006655451998681375 -0.5477919892782783 0.0782801281473595 -0.00627431620251965 0.9969115580097532 41.02360711653146 
0.9969439904716615 0.003729520259252937 -0.07803057439923336 -2.5186764072944845 -0.0033669877753695543 0.9999829213028814 0.004777080266835523 -0.5529571497507249 0.07804705019639954 -0.004499752545300594 0.9969394215210278 42.03573752584888 
0.9969695758271017 0.005309409283199267 -0.07761104978153031 -2.624486047789115 -0.0051607833169441675 0.9999844454607337 0.002115455540537681 -0.5585801181422396 0.07762106667851244 -0.001708510352443341 0.996981369434793 42.99007337022754 
0.9969198021397646 0.005321817223066186 -0.07824695753226099 -2.724549950151208 -0.0052166910063296485 0.9999851950124207 0.0015478665689527132 -0.5572696507614098 0.07825402876848529 -0.0011349080418226341 0.9969327053343406 43.9831972009274 
0.9968572952720989 0.004708624540221301 -0.07907820001576538 -2.811432093619282 -0.004544631140235715 0.9999871335935235 0.0022536581833719985 -0.5631190558321014 0.07908778632916395 -0.00188719368343241 0.9968657685734641 44.97053311210791 
0.9968710248718332 0.004795651711819689 -0.07889969262068465 -2.912828115468883 -0.004529591333695862 0.9999834373140497 0.0035507604717032746 -0.5945274617000283 0.07891540619307036 -0.003182266069659588 0.9968761366629527 45.9470172969301 
0.9967972363619573 0.008027105041356678 -0.07956654551894284 -2.9901873499558085 -0.007966572010639763 0.9999676850852467 0.0010782001909266337 -0.6241399859964816 0.07957262124430765 -0.00044087383312676847 0.9968288737685033 46.90928862874891 
0.9967662447390162 0.010664775186789877 -0.07964493655652909 -3.1006288325869518 -0.010947387683248773 0.9999352311435796 -0.0031125906811220547 -0.625959233777301 0.07960657504569522 0.003974429403619947 0.9968183370707118 47.850548975892565 
0.9966579761070142 0.01174139678898426 -0.08083945981828616 -3.175851161028439 -0.012140465831429302 0.9999164140450953 -0.0044467980157509145 -0.638828448196479 0.08078048311742235 0.005413365347933802 0.9967171158472874 48.84306246959973 
0.9966627627597032 0.010757673701295826 -0.08091730213452683 -3.2510903568124263 -0.010858348105281284 0.9999407229973374 -0.0008042188672112877 -0.6532210892450878 0.08090384602603476 0.001680163543304966 0.996720394468114 49.8313546756935 
0.9966364348342527 0.008805883684619627 -0.08147559863788395 -3.3257597545962247 -0.008717054778684771 0.9999609604039013 0.0014458990602845678 -0.6572122746057479 0.08148514217605941 -0.0007308078761738416 0.9966741882503052 50.78912228343948 
0.9966228074323007 0.004858877047904764 -0.0819717696502329 -3.4050434959311846 -0.004647801874027491 0.9999853746074924 0.002765593761344277 -0.6741783541133469 0.08198400030673224 -0.0023752645578309964 0.9966307148648367 51.77513363307648 
0.9967423267463855 0.0017338618479364448 -0.08063329210253203 -3.514914632063266 -0.0016040034329681502 0.9999973103904473 0.0016752268080540808 -0.6850388175170709 0.08063597182432745 -0.0015404327565471622 0.9967423273418653 52.69180327118947 
0.9967075790961243 -0.001522258374446286 -0.08106592688536177 -3.5848917588143046 0.0015913131403639481 0.9999984239911195 0.0007872342515160888 -0.7006298160078969 0.0810645926914932 -0.0009136430499319686 0.9967083309916441 53.649276494716105 
0.9965923655947005 -0.0012783734423922584 -0.08247437541260229 -3.657331254183242 0.001411553852112021 0.9999977923755364 0.0015565216915829176 -0.7104649646093268 0.08247219532399298 -0.0016676340118514806 0.9965918703236811 54.59525939605194 
0.99656231550877 -0.004677773825675033 -0.0827143865348295 -3.747275327610702 0.005196144133373362 0.9999681811389052 0.006052833707884933 -0.7227432565797585 0.08268343265068212 -0.00646182072523472 0.9965548127614579 55.53597221869992 
0.9965105839611976 -0.006310706675733019 -0.0832275857787812 -3.8308656640705148 0.00729346069403941 0.9999071665968121 0.011509284054185416 -0.7377170133644417 0.08314721949818123 -0.01207613881359911 0.9964640017386907 56.49863050441367 
0.9964495880175565 -0.0051147988116329365 -0.0840360480553257 -3.90460850012288 0.0062738550638622445 0.9998887275193248 0.013534080036108162 -0.7403878763908558 0.0839574647129326 -0.01401325658230704 0.9963707004719401 57.45847664453891 
0.9963008422674597 -0.004907561237870431 -0.0857936334458768 -3.9846881478891105 0.005762977957876197 0.9999360963593172 0.0097258049922719 -0.7479395201687874 0.08574041241184428 -0.01018425302736389 0.9962653575577798 58.40035576333169 
0.9961799057582723 -0.0036984185795120336 -0.08724630114479978 -4.0767855257241 0.003905565230397515 0.9999899450948704 0.0022036944864819367 -0.754839783392556 0.08723726503138611 -0.002536021554196346 0.9961842340574004 59.32716039352997 
0.9960284151443983 -0.004663876869792492 -0.0889136911700346 -4.158168970752471 0.0044573459939267835 0.9999868876299591 -0.0025212367675825505 -0.765537514583899 0.08892427519471346 0.0021149046434371516 0.9960360437551712 60.22723836222011 
0.9959608875667609 -9.604759374112832e-05 -0.0897880905916159 -4.257886372720528 -8.137999908265753e-05 0.9999980514906921 -0.0019724076949235135 -0.7707227346731516 0.08978809615119732 0.001971748154503203 0.9959588395103323 61.12921643380014 
0.9958578861894226 0.002015472647268859 -0.09090109121645232 -4.349764075470466 -0.001958327277601575 0.9999978248265114 0.000717841570064851 -0.79374038562774 0.09090233123603053 -0.0005368535698386892 0.9958595673909594 62.027807777173805 
0.9958019036260825 0.004457910868157752 -0.09142590314216564 -4.45207823406161 -0.00431378660102614 0.9999891221050465 0.0017739551119723119 -0.8023129349144622 0.0914328076555636 -0.0013721154256001221 0.9958102022893162 62.90981173159657 
0.9957936922304546 0.006333409078242351 -0.09140465219826094 -4.557864123148512 -0.006207884992210851 0.9999793571723916 0.0016575261729448426 -0.8159044917812942 0.09141325404113794 -0.0010831239520543289 0.995812353723393 63.7707535295656 
0.9956264312063176 0.00893960245762721 -0.09299512348112697 -4.635933903366884 -0.008748910345405179 0.9999587064199551 0.002458052623122711 -0.8267184979053694 0.09301324813364312 -0.0016336955207409917 0.9956634304375069 64.5915321643232 
0.9954195733194284 0.010651521631981442 -0.0950074635988609 -4.70996823477945 -0.010366064534491464 0.9999401538665688 0.00349762653371222 -0.8344144162016074 0.09503902335166169 -0.0024967516842782 0.9954703161176623 65.4226322006552 
0.9952157919280056 0.011692763157960116 -0.0969990040507777 -4.763227764285592 -0.011336509430607275 0.9999268219092484 0.0042230771245202175 -0.85464533486684 0.0970412756262321 -0.003103242131363934 0.9952754195262319 66.2298041480826 
0.9951173443173584 0.013994460765779952 -0.09770172008025835 -4.863563667713261 -0.013596540769858327 0.9998963399736309 0.004737445137467624 -0.8541790738297386 0.09775788057149921 -0.003385907586023056 0.9952043671608342 67.02707749953373 
0.9948507548800797 0.017089869321407155 -0.09989950891326156 -4.925331204801311 -0.0163401078006541 0.9998318864522319 0.008318636332598684 -0.88198928457291 0.10002486889624466 -0.006643431746651507 0.9949626578002441 67.79118907441512 
0.9946699524583059 0.018791187210838976 -0.10138331696978896 -5.019738293129676 -0.017714151674957084 0.9997768012322544 0.01151332046968517 -0.8810898107464693 0.10157702717884426 -0.009656033025260871 0.994780713813719 68.59988244973846 
0.994366012936056 0.023237973982038286 -0.10342257433877518 -5.104168609915193 -0.021977089366939557 0.9996698099620741 0.013314600758115892 -0.8877977997452325 0.10369781924700579 -0.010966657734817618 0.9945482867621619 69.38212159316939 
0.9939975212143453 0.02552240750296161 -0.10638390167214322 -5.155730410838643 -0.024655271684982515 0.9996512667351444 0.0094584614478689 -0.9005461655519786 0.1065881941498481 -0.006778762077676904 0.994280043676115 70.09768206335646 
0.9939226193106061 0.025291780209749162 -0.10713614085155371 -5.249711445208316 -0.02522290356831861 0.999679855118618 0.001998100498515124 -0.8990660448508194 0.10715236660204168 0.000716327676115529 0.994242252776581 70.79970338735303 
0.99357089564076 0.02490413021185103 -0.11043848801032959 -5.279771480425723 -0.025246297681837063 0.9996798146599712 -0.0017007688748416666 -0.9567377307997561 0.11036076005405465 0.00447799742977504 0.9938814064964285 71.48878084469187 
0.9935423203550148 0.02566337758556215 -0.11052171150716328 -5.3820822861283295 -0.0260570024229525 0.9996582141083167 -0.002118393377380115 -0.9801212825903227 0.11042956060713795 0.0049845779571647845 0.9938713529057531 72.16158962170294 
0.9934552269004218 0.028548577687078247 -0.11059697489658092 -5.486679894029391 -0.028562769810579435 0.9995909399645204 0.0014563384203419548 -1.000779698077556 0.11059329945787169 0.0017121492282846753 0.9938641711320769 72.8572377569922 
0.9929887490283699 0.02967054987971529 -0.11442465981119153 -5.505268850997027 -0.02946791270580199 0.9995597301225939 0.0034623746202247898 -1.008087921881201 0.11447700122352494 -6.624266982897909e-05 0.9934257958211002 73.51934054260707 
0.9932482506875046 0.0261887029209205 -0.11301355823763065 -5.646076053786522 -0.026326664134218244 0.9996533563723108 0.00027175197894098083 -1.0240195898167008 0.11298148837514525 0.002705353021622537 0.99359330933213 74.1497972176384 
0.9930580210003389 0.01838768740768671 -0.11617942967103231 -5.63878488871597 -0.019141201308685858 0.9998023513366171 -0.005373329901687467 -1.0285924126701744 0.1160576522827629 0.0075598419328641 0.9932136075067497 74.78985734543029 
0.9933444971834522 0.013374041480664081 -0.11440211942890999 -5.72809049729796 -0.014617247228692589 0.9998428052762102 -0.01003497986315907 -1.0341767333630714 0.11424991639663765 0.011640435404572111 0.9933837409918493 75.40034044740001 
0.9937383364532043 0.01666962186760996 -0.11048186443940665 -5.818722832470476 -0.01785294555889749 0.9997932790560949 -0.009729927498848382 -1.0566174043036327 0.11029682031991984 0.011641427992606018 0.9938304123851397 75.96336585074287 
0.9940291467518693 0.02226660060758784 -0.10681879003776136 -5.879674903665824 -0.02331004732008538 0.9996918959666019 -0.00852964434408077 -1.0272730274115665 0.10659594192928351 0.010968665522394139 0.994241818443016 76.52045297816622 
0.994614031414615 0.0196725210990317 -0.10176404289715392 -5.9517017382776345 -0.020227983615191115 0.9997855824419641 -0.004429200836093867 -1.08181967392511 0.10165507922377832 0.006463826524775712 0.994798604650546 77.08435714674773 
0.9952651559734923 0.015068088077198167 -0.09602198720478682 -5.997623281145216 -0.014998307475610947 0.9998864699155445 0.0014484656357884344 -1.1211391764557337 0.09603290186409529 -1.439609143808956e-06 0.9953780597127391 77.60741713163708 
0.9960375741783513 0.010561743338677591 -0.08830402257287993 -6.031269960423052 -0.010204055096934506 0.9999378067997059 0.004501087887702035 -1.1311257732543454 0.08834606120499462 -0.0035821927120606727 0.9960833004146519 78.1367754079565 
0.9968740473160946 0.013132651912127109 -0.07790806916733366 -6.071896488599061 -0.012839729525279992 0.9999084943992665 0.00425959785775771 -1.13653129618343 0.0779568722031735 -0.003245963216818832 0.9969513477593086 78.61162582491926 
0.9978540279263898 0.019174626067294184 -0.06260728924221176 -6.114800933994188 -0.018823766482806502 0.999803660428875 0.0061892171091241 -1.1999350478598225 0.06271366664367192 -0.004997429250218132 0.9980189485761302 79.10660719122562 
0.9987347635207742 0.02468394327599985 -0.043812955611888346 -6.154739184813014 -0.024373284415258375 0.9996739567107258 0.007610734598926037 -1.222301034502804 0.04398652926901854 -0.00653323845888552 0.9990106616238457 79.5919772693856 
0.9994738369528328 0.024021652299212465 -0.021794711918192045 -6.149584662293268 -0.02386924536771254 0.9996889716577652 0.007226276455837277 -1.2056404404877927 0.021961518084453794 -0.006702249780035564 0.9997362510038941 80.0657924415784 
0.9997902993661636 0.020095671870899452 0.003939703716407239 -6.116367315604265 -0.020127315176733343 0.9997640931927247 0.008163892840139918 -1.219347067449534 -0.0037747149874094933 -0.008241475221595953 0.9999588139583273 80.54268625595135 
0.9992757474506829 0.018177203757739915 0.033430073592915055 -6.083331397674174 -0.018515054971321346 0.9997803114792562 0.009824536520904686 -1.2348782971057244 -0.03324414342527484 -0.010436379202698909 0.9993926700336891 81.01067163309578 
0.9976853628572302 0.016832794644783863 0.06588303093272695 -6.03168146281811 -0.01751706871740849 0.9997983169614058 0.009822306485250426 -1.2245096552714603 -0.06570439996636442 -0.010953647415466054 0.9977789080920516 81.45600695928734 
0.9945252803733025 0.016034641046930077 0.10325868963384874 -5.957294767827422 -0.017302720421741215 0.9997853441124602 0.011396559302551405 -1.2543819457055045 -0.10305377446721155 -0.013120820782311058 0.9945891431289952 81.90305442392916 
0.9894212102888218 0.015836983729085843 0.14420422523964743 -5.84361819882932 -0.017669222376190542 0.9997785068721974 0.01143397468164026 -1.2654285489258104 -0.14399119088705448 -0.01386099172606154 0.9894817885415108 82.35747216838143 
0.9817853780197084 0.01645087011775208 0.18927979390063351 -5.729638143463377 -0.01874273182656307 0.9997710301850701 0.01032459230968946 -1.2589525202663991 -0.18906658707076723 -0.01368415233338918 0.9818688148771901 82.78496865584488 
0.9708484173232749 0.02099015249497633 0.23877345765207908 -5.601854563824129 -0.02338854550825954 0.9997004114198743 0.0072154934649037465 -1.2518076797418611 -0.23855044565373862 -0.012589712552789541 0.9710483942709808 83.19650465304294 
0.9562547009134258 0.02009304181295133 0.29184450766063186 -5.449347442104793 -0.022520138100784643 0.999734089948959 0.004959110187155472 -1.2867016612142177 -0.29166723046390686 -0.011314549434551143 0.9564528256242524 83.58556626238475 
0.9369318535433344 0.01980133933014358 0.34895072542779365 -5.294312645581899 -0.022169228722332245 0.9997503307236304 0.002793119375957007 -1.300845129276225 -0.3488082607343108 -0.010352929444346659 0.9371368171699556 83.96088999283494 
0.9138620068080056 0.02014977985356145 0.4055246217983528 -5.08099965587878 -0.021731884141713884 0.9997635875747782 -0.0007029731571440769 -1.2949652270241787 -0.4054428749169644 -0.008170392341076414 0.914083759766067 84.31087253764356 
0.8858934470510582 0.020054740818711524 0.46345507640189626 -4.866266175553672 -0.020723197677632702 0.9997785876401607 -0.0036503115290244478 -1.3044515656205102 -0.46342562139749516 -0.006370482983371492 0.8861128090592717 84.63317619175237 
0.8534834786397664 0.019110183078239786 0.5207693852288927 -4.625128264430591 -0.01844772369458681 0.9998089872668746 -0.0064552669096189326 -1.3097881199986923 -0.5207932208675352 -0.004097545180706239 0.8536729064588614 84.94778446298702 
0.8171263329267974 0.01859485537154783 0.5761586477623286 -4.37949865058892 -0.01647717201892031 0.9998246333210165 -0.008899741948711222 -1.315579553550819 -0.5762230404956311 -0.0022212509454426804 0.8172893451197175 85.24317915205289 
0.7779835727185467 0.01759298559302549 0.6280382531645733 -4.105229361269031 -0.01447932800723913 0.9998444403488622 -0.010071949360930652 -1.3043055366017566 -0.6281176885719584 -0.001257760115611939 0.7781172066870908 85.51529160190172 
0.7359194674643245 0.017294140050786336 0.6768481736157143 -3.817989545875645 -0.014799888808242156 0.9998457663927712 -0.009455512556994197 -1.3061345463144947 -0.6769072381208674 -0.0030587811589458057 0.7360618417207958 85.7721659320056 
0.6915190671945647 0.01691891287121002 0.7221600446532711 -3.5126979996925876 -0.013566058649104545 0.9998535328182554 -0.01043431663228932 -1.3031788558599005 -0.7222307369519635 -0.002581335878107923 0.6916472361738438 86.00019917807558 
0.6452627297944119 0.015912038456717972 0.7637950095218053 -3.187734715521213 -0.011350552472297477 0.9998723928285876 -0.01124113062854069 -1.3192230582242976 -0.7638763366917208 -0.001416012077553819 0.6453609355641552 86.21877740822924 
0.598925687987501 0.012628286154051673 0.8007050309930048 -2.8540402161531016 -0.004476295836260749 0.999912826736296 -0.01242182369123123 -1.329497504645622 -0.800792017161377 0.00385555679748732 0.5989299457636117 86.40764383593462 
0.5519942453302513 0.01481153690077001 0.8337163615384565 -2.510065008839863 -0.005739219011101772 0.9998860305937093 -0.013963781318042883 -1.342440174851628 -0.8338280850362249 0.0029230463254057096 0.5520162863584827 86.60136723794182 
0.5048927139070102 0.01711196384861252 0.8630124727585673 -2.1912450209504524 -0.007218851297503069 0.9998522225315031 -0.015601964131410281 -1.3520074946220064 -0.8631518328710119 0.001647359618316688 0.5049415804008514 86.75588557491533 
0.4595117457753819 0.019972025609320647 0.8879471119878258 -1.8526339569259518 -0.008893914913964145 0.9998004876191835 -0.017885279811775928 -1.361858745306636 -0.88812707198206 0.0003211705350613359 0.45959765106239264 86.8970664871779 
0.41812598893931163 0.01753829500564551 0.9082197231847681 -1.4941992099107915 -0.000867575396273896 0.9998208559840781 -0.018907756403037452 -1.370121310300659 -0.9083885400080023 0.007117875025814717 0.41806625819031984 87.0104504074924 
0.3791819494551423 0.009872170524203775 0.9252694685639087 -1.1525178140401504 0.014458136216837938 0.9997578050756614 -0.01659197057105876 -1.3762562278202828 -0.925209079212306 0.01966904627212736 0.37894734246577066 87.09334693791473 
0.3434386817035688 0.006084733799454165 0.9391553907231239 -0.8134006943615935 0.016944014154456007 0.9997761134199195 -0.012673729494257331 -1.384918388404492 -0.9390221487784353 0.02026570963550053 0.3432586562878028 87.18118176791393 
0.31083703145874714 0.01038016517650236 0.950406540405116 -0.45363024009549097 0.012937153125904148 0.9998015214607078 -0.015150833437486987 -1.3954796355206878 -0.9503750781987125 0.017004993813278708 0.3106410161652994 87.27473994140618 
0.2795139088052599 0.018764159882811323 0.9599582704932001 -0.1059758098272146 0.002222562928312532 0.9997936914394241 -0.020189967111391677 -1.4093159573914096 -0.9601389746271303 0.00777694399223394 0.2794145102604958 87.37222190181134 
0.2512827553742221 0.023330182573443353 0.967632512595886 0.2668672674355327 -0.0037618152447384976 0.9997254561639405 -0.023127063018577355 -1.4296485184389438 -0.9679063168560574 0.002171377644124103 0.25130150598290485 87.45645135604626 
0.2255323041258845 0.025442678478006246 0.9739034089207887 0.6589446879207475 -0.0031608853706334267 0.9996727795559113 -0.025383904716019094 -1.4472209584652758 -0.9742304649089885 0.0026464936954999707 0.22553890421464684 87.52552244603821 
0.2024943286584693 0.026252508963485334 0.9789314851583214 1.055003019147256 0.0031731261343555905 0.9996177670329516 -0.027463632363383454 -1.4699335079835865 -0.9792781965882301 0.008667502490008193 0.20233360592718416 87.57695175787461 
0.18191647676976105 0.031488676676341754 0.9828096757362784 1.455276050290708 0.008306609524838663 0.9994022573691314 -0.033557833715635664 -1.4837342179280684 -0.9832788019305599 0.014268538143947901 0.18154615526979684 87.62139989359558 
0.16200173881048963 0.03828429408729394 0.9860475391423146 1.8706536869191621 0.009753398984724096 0.9991361885659235 -0.04039489950729155 -1.4905926832625602 -0.9867421715293908 0.01616135789012288 0.1614883817388026 87.6798744660435 
0.14399076566825383 0.03864090100886555 0.9888243221985855 2.31296877580872 0.008440836042487845 0.9991530335680148 -0.040273661352518794 -1.5124827251645525 -0.9895429327870965 0.014145538378228522 0.1435426344857489 87.74896271725349 
0.12730935681838787 0.034410351181724315 0.9912659862004939 2.764049295816426 0.006070748067377925 0.9993522769766134 -0.035470727643514804 -1.5394412567228073 -0.9918443814005384 0.010533481018577375 0.12701798637130826 87.81092109284799 
0.11390957474155784 0.030670075585556376 0.9930176006727034 3.2389657837779864 0.0054090712586224 0.9994894167278967 -0.031490439772218895 -1.568263915649055 -0.9934762973094028 0.008958365149803298 0.11368550645640534 87.84104302070328 
0.10006585143686653 0.02950077543899556 0.9945433774475158 3.7273075049701205 0.00856125815121205 0.9994978229177187 -0.030509127185300713 -1.5757151706658066 -0.9949438839628082 0.011567463708159302 0.09976302696074296 87.88718473585597 
0.08802415119037607 0.028572873121109663 0.9957084612118237 4.228499076053174 0.01144673556878196 0.9994935082352308 -0.029693420827668706 -1.6011546621611092 -0.9960524698071185 0.014011348701810962 0.08765249282651887 87.92705305065913 
0.07800967940745693 0.029543952133598242 0.996514748917984 4.7265822564342175 0.013973787465513617 0.9994302132774482 -0.030724290912292104 -1.6109069373629397 -0.996854565329491 0.016321876239107306 0.07755238189632853 87.96319832465836 
0.06917952814095164 0.030615632907157724 0.9971343319271926 5.250679745362142 0.015579710312351088 0.9993739234728766 -0.03176529094801827 -1.6272989203090868 -0.9974824642555064 0.017732570579311217 0.06865922693578336 88.00693567633417 
0.06421155922153188 0.0316784514114173 0.9974333819250855 5.777274629409278 0.016423737095660355 0.9993271183896602 -0.032795903872750755 -1.6344882922011912 -0.997801051001213 0.018487458389801956 0.06364806755249951 88.02306827554841 
0.05912671001439816 0.03262742303335944 0.9977171359804716 6.340300063731941 0.019048376080034027 0.9992468633508401 -0.033806293086066995 -1.6550754207783753 -0.998068631046839 0.021003744494869407 0.05846067428186724 88.0460380332132 
0.05368099968172423 0.032822074958631944 0.9980185677975034 6.938813062888468 0.02022575529157364 0.9992188719575791 -0.033949443982316745 -1.6847468761986653 -0.9983531788550271 0.022008117699144188 0.052975211423931516 88.06777428911887 
0.04987385702986367 0.03273982459386296 0.9982187647357302 7.567312277090714 0.022948042058455163 0.9991611508115942 -0.03391728282946905 -1.7156207345135457 -0.9984917557631299 0.024598749931094014 0.049080700635759755 88.0899710877596 
0.04665877454234862 0.03334005539009455 0.9983543456432646 8.190141125371218 0.02514530937774181 0.9990869443042061 -0.03453970377959389 -1.737866549688259 -0.9985942482850849 0.026715506949262082 0.04577782192719006 88.11919899861365 
0.04358826544577966 0.03231202151511611 0.9985269131981543 8.829244472567753 0.026328836654637623 0.9990925410774547 -0.03347964641103868 -1.7751744574840862 -0.9987024862116373 0.027749369412255136 0.04269796870958165 88.15246978176152 
0.04246054942737101 0.03219414755445309 0.9985793101229202 9.50115130657411 0.030142323228755003 0.9989844516374536 -0.03348888975451225 -1.7958713631551557 -0.9986432509171094 0.03152145432130197 0.04144701817001141 88.15273754310755 
0.04127229379081331 0.030883452391929127 0.9986705213100062 10.196744281215256 0.03586750932118096 0.9988321460362867 -0.03237075562358155 -1.848903986248209 -0.9985038408039648 0.03715583633197074 0.04011637728172851 88.21270840998591 
0.042862472649649395 0.03112808468621058 0.9985959396983976 10.891932728683129 0.04009501612670796 0.9986556992907626 -0.03285093538816941 -1.867571485114149 -0.998276013318412 0.04144678896046316 0.04155676741485551 88.2282563704392 
0.04636569434625777 0.03129163923483936 0.9984343021460078 11.603739516419257 0.041920902775779235 0.998567759346687 -0.03324256163115887 -1.8930236766664381 -0.9980444183679474 0.04339657789972935 0.04498750927964424 88.23562348629216 
0.04906676221440647 0.03229959503484273 0.9982731034172861 12.300958972560366 0.042594561516288536 0.9985000284778379 -0.034400529923139925 -1.8907661959209618 -0.9978867455649717 0.04420892379371865 0.047617371648996244 88.30121643567519 
0.052366524676732085 0.03108848640115623 0.9981439040071155 13.041302820700079 0.04373186984340717 0.9984850527799843 -0.033393456469075884 -1.9279776006227891 -0.997669820901536 0.04539939449651464 0.05092762945253621 88.3729810347796 
0.05700396194721357 0.0281155039905215 0.9979779891148297 13.79242540031946 0.04613656335532509 0.9984613003307632 -0.03076441554072459 -1.9723091950120324 -0.9973072580055095 0.047796963994177266 0.05561909170850745 88.41140765075912 
0.060722805638775766 0.026464371422517303 0.9978037772631281 14.566797111103224 0.0454359631544579 0.9985389690019452 -0.029248942489601127 -2.0118701769141993 -0.9971199101557631 0.04711224927682322 0.059431647621863475 88.47348756886284 
0.06430623437855186 0.024430136793006423 0.9976311325516688 15.372014386345768 0.04232165194946588 0.9987341213298007 -0.027185155284824365 -2.022550821186046 -0.9970322899161097 0.043969568615214304 0.06319090045598809 88.54169487508945 
0.06835891527007236 0.02262690720073476 0.9974041717245963 16.161704815474348 0.041255155115773115 0.9988235305609371 -0.025486603817671684 -2.0710328731407346 -0.9968073395139471 0.04289029659844547 0.06734500982873261 88.5925238527957 
0.07155679284538775 0.02231456867425486 0.9971868859058284 16.949743913001097 0.036633262586245684 0.9990164116225301 -0.02498426266935324 -2.130596016403979 -0.99676347782258 0.03831799939441594 0.07066894792942911 88.67189188951619 
0.07583011356691398 0.027115028080967957 0.9967520098442725 17.72074391893876 0.03393330387874155 0.9989810003329446 -0.02975721528743458 -2.1454318322233195 -0.9965430879321496 0.03607957872776339 0.07483273276775786 88.69236871801112 
0.07692477810711401 0.031126032829933363 0.9965509262418256 18.53021464460406 0.029277877136531044 0.9990110324187027 -0.03346286024977843 -2.2023708339423806 -0.9966068360910956 0.031751015982695335 0.07593739026705042 88.77572039258115 
0.07838020384283412 0.03363777962595105 0.9963558819153883 19.402815092319173 0.028715796698824823 0.9989397154993913 -0.035983993913230095 -2.2540919091186318 -0.9965097832056411 0.03143158305913232 0.07733115518243969 88.83741770284485 
0.07886133059696333 0.03230499309853606 0.996362021535034 20.20933919540216 0.028031133233455657 0.9990077295574575 -0.034609418575042225 -2.305986779246564 -0.9964913183129789 0.03065849878807126 0.07787752550595581 88.90786634430563 
0.07777512695861612 0.02993409575697642 0.9965214395775852 21.03006741911531 0.025577276427426812 0.9991602422137246 -0.03200958153376186 -2.3541532108573033 -0.9966426811381452 0.02797785127529356 0.07694417438503362 89.00322988424229 
0.07640459832244222 0.029162075435764198 0.9966503452623013 21.870403606014197 0.024985828298590067 0.9992023064301315 -0.031152194287710207 -2.383171515509998 -0.996763686638396 0.027282303043088412 0.07561500472595752 89.09998485229839 
0.07635573608966657 0.028880514085228178 0.9966622885774186 22.694653164265254 0.024039983609655594 0.9992365252806826 -0.030796846154042132 -2.4094472138545133 -0.9967906911713892 0.026311258787421653 0.07560314580157046 89.18306172271153 
0.07532406694195352 0.030856241152941326 0.9966815827139754 23.508252270929688 0.0194735153236176 0.9992849784900769 -0.032408547715499315 -2.4292473423419 -0.9969688401977989 0.021850035985925834 0.0746693216928968 89.26363223122134 
0.07544353982740157 0.03140540832116665 0.9966553931156402 24.316191571436473 0.014727833652079188 0.9993597820381644 -0.03260547439540565 -2.4816791513832936 -0.9970412049534112 0.017138446010180275 0.07493269842607943 89.32186108989369 
0.07435349541175056 0.03282741822933607 0.9966914860338932 25.150922420259832 0.012834745057311225 0.9993437546590667 -0.03387225034203037 -2.5090574592777752 -0.9971492506936449 0.015310800283037036 0.07388336237478 89.39690870922946 
0.07159943297288722 0.03255036647309127 0.9969021992354254 25.92041333537881 0.008942931395883123 0.9994062420094714 -0.03327442577347812 -2.5474141517941136 -0.9973932755950128 0.011297657343985744 0.07126581744705168 89.47376326200651 
0.06889915226668818 0.031062471099906765 0.9971399248380833 26.77007950324486 0.008968101891010289 0.9994554714584081 -0.0317542708989476 -2.5780679577335874 -0.9975832200453152 0.01113029415795601 0.06858305647888065 89.52316359938617 
0.06422269915363182 0.029423832850952743 0.9975017207873782 27.600159367752585 0.0059057066031889165 0.9995365221290724 -0.02986408477813221 -2.607748678102485 -0.9979180168547126 0.007808904330081889 0.06401915846001867 89.58076383771959 
0.05764669766552944 0.027029667994487062 0.9979710693684292 28.40727242121663 0.0033418338770902657 0.9996225883179893 -0.027267436087420622 -2.6516283420805737 -0.998331353335617 0.004906931161075219 0.057534606748144965 89.63237829571409 
0.04984846448695171 0.027429401842069108 0.9983800671602366 29.228355253523052 0.003289527106876544 0.9996128747579398 -0.027627515805454094 -2.676956739854628 -0.998751275388963 0.004661387547806138 0.049738932186534565 89.68415297446927 
